,Generation,Parent1,Parent2,Unique Name,Fitness Score,kWh result,idf.People.People_5a9ee43c.People_per_Floor_Area,idf.ElectricEquipment.Equipment_d01c6929.Watts_per_Zone_Floor_Area,idf.ZoneInfiltration:DesignFlowRate.Infiltration_d1fbaf75.Flow_Rate_per_Exterior_Surface_Area,idf.WindowMaterial:SimpleGlazingSystem.PH_Window.UFactor,idf.WindowMaterial:SimpleGlazingSystem.PH_Window.Solar_Heat_Gain_Coefficient,idf.Material:NoMass.Typical Insulation-R50.Thermal_Resistance,idf.Material.Generic Gypsum Board.Specific_Heat,idf.ZoneHVAC:IdealLoadsAirSystem.Z1_Ground_Floor_48970ba6 Ideal Loads Air System.Sensible_Heat_Recovery_Effectiveness
0,0,no parent,no parent,0-0,161.7518,30.944435780000003,0.09,14,0.0003,0.4,0.9,10,1200,0.92
1,0,no parent,no parent,0-1,58.4181,25.869437201,0.07,3,0.0,0.4,0.9,9,2800,0.82
2,0,no parent,no parent,0-2,296.3697,35.441656743,0.3,15,0.0,0.7,0.3,11,2300,0.88
3,0,no parent,no parent,0-3,43.2473,11.649996738,0.14,2,0.00028,0.7,0.7,13,2900,0.5
4,0,no parent,no parent,0-4,0.1333,17.86110611,0.1,6,2e-05,0.8,0.6,10,2100,0.62
5,0,no parent,no parent,0-5,54.249,25.591659501,0.08,10,2e-05,0.8,0.5,3,500,0.44
6,0,no parent,no parent,0-6,18.839,22.566660348,0.26,12,8e-05,0.6,0.4,15,2100,0.6
7,0,no parent,no parent,0-7,160.6937,30.902769125000003,0.26,15,2e-05,1.3,0.4,14,2500,0.78
8,0,no parent,no parent,0-8,66.2622,10.086108287000002,0.06,3,0.00012,0.7,0.8,20,600,0.7
9,0,no parent,no parent,0-9,28.5173,12.886107503000002,0.22,1,0.00028,1.2,0.3,11,2700,0.66
10,0,no parent,no parent,0-10,113.5137,28.880547469,0.07,13,0.0001,1.1,0.5,3,2200,0.54
11,0,no parent,no parent,0-11,118.6006,29.116658514,0.22,15,6e-05,1.3,0.5,8,1800,0.52
12,0,no parent,no parent,0-12,49.6029,11.183330202,0.07,1,0.0003,0.6,0.8,20,1300,0.94
13,0,no parent,no parent,0-13,4.7978,20.41666095,0.12,10,0.00026,0.7,0.7,11,600,0.4
14,0,no parent,no parent,0-14,2.2622,16.722217540000003,0.21,9,6e-05,1.1,0.5,3,2000,0.68
15,0,no parent,no parent,0-15,162.1761,30.961102442,0.19,15,8e-05,1.2,0.5,10,1000,0.48
16,0,no parent,no parent,0-16,316.8935,36.02776769,0.19,14,6e-05,1.4,0.8,19,2000,0.92
17,0,no parent,no parent,0-17,0.6645,17.411106236000002,0.29,10,0.00028,0.8,0.6,18,3000,0.64
18,0,no parent,no parent,0-18,22.3639,13.497218443000001,0.02,6,4e-05,1.2,0.3,8,1700,0.54
19,0,no parent,no parent,0-19,28.1329,12.922218604000001,0.26,7,0.00012,0.5,0.4,8,2400,0.74
20,0,no parent,no parent,0-20,87.1867,8.8888864,0.29,2,6e-05,0.8,0.5,17,1100,0.86
21,0,no parent,no parent,0-21,258.0075,34.288879288000004,0.14,12,0.0,1.4,0.7,6,800,0.72
22,0,no parent,no parent,0-22,860.0435,47.552764463,0.25,14,4e-05,0.4,0.8,19,2600,0.88
23,0,no parent,no parent,0-23,285.7547,35.130545719000004,0.04,11,2e-05,1.0,0.5,6,3000,0.6
24,0,no parent,no parent,0-24,36.8536,12.155552152,0.1,5,6e-05,0.6,0.5,19,2800,0.78
25,0,no parent,no parent,0-25,34.8906,12.319440995,0.1,5,0.00016,0.8,0.3,9,1700,0.5
26,0,no parent,no parent,0-26,111.8624,28.802769713,0.09,11,0.0,1.0,0.6,3,1700,0.54
27,0,no parent,no parent,0-27,929.3249,48.711097472000006,0.02,14,4e-05,0.5,0.5,4,1500,0.4
28,0,no parent,no parent,0-28,488.3535,40.324988708999996,0.02,13,0.00018,0.9,0.8,17,3000,0.78
29,0,no parent,no parent,0-29,0.9155,17.269439609000003,0.23,9,0.00018,0.8,0.4,7,900,0.52
30,0,no parent,no parent,0-30,59.6523,10.502774837,0.09,3,0.00014,1.4,0.4,13,2300,0.4
31,0,no parent,no parent,0-31,55.9812,25.708326135,0.2,15,0.00022,1.2,0.6,12,2000,0.4
32,1,0-19,0-4,1-0,0.54,18.961105802000002,0.1,7,2e-05,0.5,0.4,10,2400,0.74
33,1,0-25,0-19,1-1,46.144,11.433330132,0.1,5,0.00012,0.8,0.3,8,1700,0.5
34,1,0-9,0-17,1-2,0.7109,19.069439105000004,0.22,10,0.00028,1.2,0.6,11,3000,0.64
35,1,0-19,0-29,1-3,2.7359,16.572217582,0.26,9,0.00018,1.1,0.4,8,2400,0.52
36,1,0-4,0-6,1-4,14.1555,14.463884839,0.1,6,8e-05,0.6,0.6,15,2100,0.6
37,1,0-29,0-4,1-5,17.3949,14.055551620000001,0.1,6,0.00018,0.8,0.4,7,2100,0.52
38,1,0-25,0-25,1-6,37.1916,12.127774382,0.2,5,0.00016,0.8,0.6,7,1700,0.5
39,1,0-13,0-13,1-7,0.2772,18.752772527,0.24,10,0.00026,1.3,0.7,11,1600,0.84
40,1,0-9,0-13,1-8,41.8701,11.755552264,0.22,1,0.00028,1.2,0.7,11,600,0.66
41,1,0-19,0-14,1-9,1.3641,17.058328557,0.21,9,0.00012,0.5,0.4,3,2000,0.68
42,1,0-29,0-25,1-10,23.9952,13.327774046,0.23,5,0.00018,0.8,0.3,7,900,0.5
43,1,0-9,0-9,1-11,13.1297,14.602773689000001,0.22,6,0.00028,1.2,0.9,11,2700,0.58
44,1,0-4,0-19,1-12,15.8549,14.244440456000001,0.1,6,2e-05,0.8,0.4,10,2100,0.62
45,1,0-25,0-14,1-13,58.2872,10.591663701000002,0.1,5,6e-05,0.8,0.3,9,1700,0.68
46,1,0-18,0-17,1-14,3.2346,16.427773178000002,0.29,10,4e-05,1.2,0.3,8,3000,0.64
47,1,0-6,0-29,1-15,4.334,16.144439924,0.23,9,0.00018,0.8,0.4,15,900,0.6
48,1,0-18,0-13,1-16,1.111,17.172217414000002,0.12,6,0.00026,1.2,0.3,11,600,0.54
49,1,0-4,0-25,1-17,33.4938,12.438885406,0.1,6,0.00016,0.8,0.6,16,2100,0.62
50,1,0-19,0-14,1-18,7.5237,15.483328998000001,0.26,9,6e-05,1.1,0.4,8,2400,0.68
51,1,0-4,0-9,1-19,3.8947,16.252773227,0.1,6,0.00028,1.2,0.6,10,2700,0.62
52,1,0-25,0-4,1-20,24.708,13.255551844000001,0.1,6,0.00016,0.8,0.6,10,1700,0.62
53,1,0-6,0-25,1-21,59.1813,10.533330384000001,0.26,5,8e-05,0.6,0.3,9,1700,0.6
54,1,0-6,0-9,1-22,39.8111,11.91666333,0.22,1,0.00028,0.6,0.3,11,2700,0.6
55,1,0-18,0-19,1-23,33.1091,12.47221873,0.26,6,0.00012,1.2,0.3,8,1700,0.74
56,1,0-6,0-13,1-24,17.606,22.422215944,0.26,12,8e-05,0.7,0.4,15,600,0.4
57,1,0-18,0-14,1-25,21.9715,13.538885098000002,0.21,6,4e-05,1.2,0.3,3,2000,0.54
58,1,0-19,0-4,1-26,34.7267,12.33332988,0.26,6,0.00012,0.5,0.6,18,2400,0.74
59,1,0-9,0-19,1-27,28.9043,12.849996402,0.22,7,0.00012,0.5,0.3,8,2400,0.66
60,1,0-13,0-29,1-28,0.0394,18.027772730000002,0.12,9,0.00018,0.7,0.4,11,600,0.4
61,1,0-25,0-14,1-29,51.5387,11.047219129000002,0.1,5,6e-05,1.1,0.5,9,2000,0.68
62,1,0-29,0-25,1-30,1.1824,17.13888409,0.23,9,0.00018,0.8,0.3,7,1700,0.52
63,1,0-9,0-13,1-31,7.2981,20.927771918,0.12,10,0.00028,0.7,0.7,11,600,0.4
