,Generation,Parent1,Parent2,Unique Name,Fitness Score,kWh result,idf.People.People_5a9ee43c.People_per_Floor_Area,idf.ElectricEquipment.Equipment_d01c6929.Watts_per_Zone_Floor_Area,idf.ZoneInfiltration:DesignFlowRate.Infiltration_d1fbaf75.Flow_Rate_per_Exterior_Surface_Area,idf.WindowMaterial:SimpleGlazingSystem.PH_Window.UFactor,idf.WindowMaterial:SimpleGlazingSystem.PH_Window.Solar_Heat_Gain_Coefficient,idf.Material:NoMass.Typical Insulation-R50.Thermal_Resistance,idf.Material.Generic Gypsum Board.Specific_Heat,idf.ZoneHVAC:IdealLoadsAirSystem.Z1_Ground_Floor_48970ba6 Ideal Loads Air System.Sensible_Heat_Recovery_Effectiveness
0,0,no parent,no parent,0-0,4963.2,1929.55,0.1,11,8e-05,0.8,0.7,16,1900,0.95
1,0,no parent,no parent,0-1,451825.95,1327.82,0.12,5,0.00012,1.0,0.9,20,1300,0.8
2,0,no parent,no parent,0-2,100311.56,2316.72,0.07,7,2e-05,1.4,0.3,7,2300,0.95
3,0,no parent,no parent,0-3,1184919.33,911.46,0.06,4,8e-05,0.8,0.8,5,900,0.8
4,0,no parent,no parent,0-4,972314.32,1013.94,0.09,4,0.00028,0.4,0.5,8,1000,0.95
5,0,no parent,no parent,0-5,6225.21,1921.1,0.1,10,0.0,1.3,0.9,8,1900,0.8
6,0,no parent,no parent,0-6,404406.96,2635.93,0.13,15,0.00024,0.7,0.7,19,2600,0.4
7,0,no parent,no parent,0-7,5533.87,1925.61,0.21,14,0.00022,1.2,0.6,9,1900,0.6
8,0,no parent,no parent,0-8,5596.54,1925.19,0.19,11,0.0002,1.0,0.6,12,1900,0.4
9,0,no parent,no parent,0-9,621527.26,1211.63,0.03,1,0.00012,0.7,0.5,9,1200,0.4
10,0,no parent,no parent,0-10,1352987.71,836.82,0.02,15,0.00022,0.4,0.6,20,800,0.8
11,0,no parent,no parent,0-11,4460.9,1933.21,0.11,15,0.00018,1.3,0.4,16,1900,0.4
12,0,no parent,no parent,0-12,760558.41,1127.9,0.2,6,0.00024,1.1,0.8,19,1100,0.8
13,0,no parent,no parent,0-13,845149.26,2919.32,0.22,5,0.00024,0.4,0.3,13,2900,0.4
14,0,no parent,no parent,0-14,508.95,2022.56,0.16,1,0.00026,1.4,0.6,19,2000,0.4
15,0,no parent,no parent,0-15,15163.46,2123.14,0.19,7,0.00012,1.4,0.6,13,2100,0.95
16,0,no parent,no parent,0-16,465806.25,1317.5,0.25,2,0.0003,0.6,0.7,13,1300,0.95
17,0,no parent,no parent,0-17,600966.05,1224.78,0.03,12,0.00018,1.4,0.4,10,1200,0.95
18,0,no parent,no parent,0-18,1050071.57,3024.73,0.03,13,4e-05,1.0,0.3,10,3000,0.4
19,0,no parent,no parent,0-19,269755.58,2519.38,0.18,9,2e-05,1.0,0.6,8,2500,0.6
20,1,0-0,0-7,1-0,5952.12,1922.85,0.1,11,0.00022,1.2,0.6,9,1900,0.95
21,1,0-14,0-0,1-1,841.0,2029.0,0.1,11,0.00026,0.8,0.7,16,2000,0.4
22,1,0-7,0-0,1-2,4494.36,1932.96,0.21,14,8e-05,1.2,0.6,16,1900,0.95
23,1,0-7,0-11,1-3,4541.41,1932.61,0.21,14,0.00018,1.2,0.6,16,1900,0.6
24,1,0-7,0-11,1-4,5533.87,1925.61,0.21,14,0.00022,1.2,0.6,9,1900,0.6
25,1,0-14,0-0,1-5,6470.59,1919.56,0.16,1,8e-05,1.4,0.6,16,1900,0.4
26,1,0-14,0-11,1-6,380.64,2019.51,0.11,1,0.00018,1.4,0.6,16,2000,0.4
27,1,0-11,0-14,1-7,4037.33,1936.46,0.16,15,0.00018,1.3,0.4,19,1900,0.6
28,1,0-0,0-0,1-8,4963.2,1929.55,0.1,11,8e-05,0.8,0.7,16,1900,0.95
29,1,0-14,0-11,1-9,1314.79,2036.26,0.16,15,0.00026,1.3,0.4,19,2000,0.4
30,1,0-7,0-11,1-10,4541.41,1932.61,0.21,15,0.00018,0.4,0.6,16,1900,0.4
31,1,0-7,0-11,1-11,5519.0,1925.71,0.21,14,0.00022,1.3,0.6,9,1900,0.6
32,1,0-7,0-14,1-12,5563.67,1925.41,0.21,14,0.00026,1.2,0.6,9,1900,0.4
33,1,0-0,0-0,1-13,4963.2,1929.55,0.1,11,8e-05,0.8,0.7,16,1900,0.95
34,1,0-7,0-7,1-14,5533.87,1925.61,0.21,14,0.00022,1.2,0.6,9,1900,0.6
35,1,0-0,0-14,1-15,4968.84,1929.51,0.16,11,8e-05,0.8,0.6,16,1900,0.95
36,1,0-0,0-14,1-16,6382.41,1920.11,0.16,1,0.00026,1.4,0.6,16,1900,0.95
37,1,0-11,0-14,1-17,1314.79,2036.26,0.16,15,0.00018,1.3,0.4,19,2000,0.4
38,1,0-0,0-11,1-18,5011.22,1929.21,0.11,11,0.00018,1.3,0.4,16,1900,0.4
39,1,0-0,0-14,1-19,4556.25,1932.5,0.1,11,8e-05,1.4,0.6,19,1900,0.4
40,2,1-17,1-1,2-0,1089.0,2033.0,0.1,15,0.00018,0.8,0.7,16,2000,0.4
41,2,1-6,1-9,2-1,382.59,2019.56,0.16,1,0.00026,1.4,0.6,16,2000,0.4
42,2,1-17,1-1,2-2,1314.79,2036.26,0.16,15,0.00026,1.3,0.4,19,2000,0.4
43,2,1-6,1-17,2-3,754.05,2027.46,0.16,6,0.00018,1.3,0.6,19,2000,0.4
44,2,1-9,1-1,2-4,823.69,2028.7,0.1,11,0.00026,0.8,0.4,16,2000,0.4
45,2,1-6,1-17,2-5,370.95,2019.26,0.16,1,0.00018,1.3,0.4,16,2000,0.4
46,2,1-6,1-17,2-6,372.88,2019.31,0.11,1,0.00018,1.4,0.4,16,2000,0.4
47,2,1-9,1-9,2-7,1314.79,2036.26,0.16,15,0.00026,1.3,0.4,19,2000,0.4
48,2,1-6,1-17,2-8,1336.63,2036.56,0.16,15,0.00018,1.4,0.6,19,2000,0.4
49,2,1-1,1-17,2-9,1102.24,2033.2,0.1,15,0.00018,1.3,0.4,16,2000,0.4
50,2,1-6,1-6,2-10,380.64,2019.51,0.11,1,0.00018,1.4,0.6,16,2000,0.4
51,2,1-1,1-9,2-11,823.69,2028.7,0.1,11,0.00026,0.8,0.4,16,2000,0.4
52,2,1-17,1-9,2-12,1314.79,2036.26,0.16,15,0.00026,1.3,0.4,19,2000,0.4
53,2,1-17,1-6,2-13,493.28,2022.21,0.11,1,0.00018,1.3,0.4,19,2000,0.4
54,2,1-1,1-9,2-14,380.25,2019.5,0.1,1,0.00026,1.3,0.7,16,2000,0.4
55,2,1-17,1-6,2-15,504.45,2022.46,0.16,1,0.00018,1.3,0.6,19,2000,0.4
56,2,1-6,1-17,2-16,1361398.9,833.21,0.11,15,0.00018,1.3,0.4,16,800,0.4
57,2,1-9,1-6,2-17,1116.23,2033.41,0.11,15,0.00018,1.3,0.6,16,2000,0.4
58,2,1-17,1-1,2-18,692656.71,2832.26,0.16,11,0.00026,1.3,0.4,19,2800,0.4
59,2,1-1,1-17,2-19,873.79,2029.56,0.16,11,0.00018,1.3,0.7,16,2000,0.4
60,3,2-14,2-6,3-0,368.64,2019.2,0.1,1,0.00018,1.3,0.4,16,2000,0.4
61,3,2-6,2-5,3-1,372.88,2019.31,0.11,1,0.00018,1.4,0.4,16,2000,0.4
62,3,2-5,2-6,3-2,369.02,2019.21,0.11,1,0.00018,1.3,0.4,16,2000,0.4
63,3,2-6,2-5,3-3,372.88,2019.31,0.11,1,0.00018,1.4,0.4,16,2000,0.4
64,3,2-10,2-5,3-4,382.59,2019.56,0.16,1,0.00024,1.4,0.6,16,2000,0.4
65,3,2-6,2-6,3-5,372.88,2019.31,0.11,1,0.00018,1.4,0.4,16,2000,0.4
66,3,2-5,2-6,3-6,374.81,2019.36,0.16,1,0.00018,1.4,0.4,16,2000,0.4
67,3,2-14,2-5,3-7,368.64,2019.2,0.1,1,0.00018,1.3,0.4,16,2000,0.4
68,3,2-10,2-5,3-8,374.81,2019.36,0.16,1,0.00018,1.4,0.4,16,2000,0.4
69,3,2-10,2-6,3-9,231062.88,1519.31,0.11,1,0.00018,1.4,0.4,16,1500,0.4
70,3,2-5,2-10,3-10,380.64,2019.51,0.11,1,0.00018,1.4,0.6,16,2000,0.4
71,3,2-5,2-10,3-11,382.59,2019.56,0.16,1,0.00018,1.4,0.6,16,2000,0.4
72,3,2-14,2-14,3-12,380.25,2019.5,0.1,1,0.00026,1.3,0.7,16,2000,0.4
73,3,2-14,2-14,3-13,380.25,2019.5,0.1,1,0.00026,1.3,0.7,16,2000,0.4
74,3,2-14,2-14,3-14,380.25,2019.5,0.1,1,0.00026,1.3,0.7,16,2000,0.4
75,3,2-14,2-10,3-15,381.42,2019.53,0.03,1,0.00026,1.4,0.7,16,2000,0.4
76,3,2-6,2-10,3-16,380.64,2019.51,0.11,1,0.00018,1.4,0.6,16,2000,0.4
77,3,2-5,2-6,3-17,370.95,2019.26,0.16,1,0.00018,1.3,0.4,16,2000,0.4
78,3,2-10,2-10,3-18,380.64,2019.51,0.11,1,0.00018,1.4,0.6,16,2000,0.4
79,3,2-10,2-10,3-19,380.64,2019.51,0.11,1,0.00018,1.4,0.6,16,2000,0.4
80,4,3-0,3-17,4-0,370.95,2019.26,0.16,1,0.00018,1.3,0.4,16,2000,0.4
81,4,3-0,3-2,4-1,368.64,2019.2,0.1,1,0.00018,1.3,0.4,16,2000,0.4
82,4,3-0,3-0,4-2,368.64,2019.2,0.1,1,0.00018,1.3,0.4,16,2000,0.4
83,4,3-17,3-17,4-3,370.95,2019.26,0.16,1,0.00018,1.3,0.4,16,2000,0.4
84,4,3-2,3-2,4-4,369.02,2019.21,0.11,1,0.00018,1.3,0.4,16,2000,0.4
85,4,3-17,3-0,4-5,368.64,2019.2,0.1,1,0.00018,1.3,0.4,16,2000,0.4
86,4,3-17,3-2,4-6,798.63,2028.26,0.16,10,0.00018,1.3,0.4,16,2000,0.4
87,4,3-2,3-2,4-7,369.02,2019.21,0.11,1,0.00018,1.3,0.4,16,2000,0.4
88,4,3-17,3-7,4-8,175728.64,2419.2,0.1,1,0.00018,1.3,0.4,16,2400,0.4
89,4,3-0,3-0,4-9,368.64,2019.2,0.1,1,0.00018,1.3,0.4,16,2000,0.4
90,4,3-2,3-17,4-10,369.02,2019.21,0.11,1,0.00018,1.3,0.4,16,2000,0.4
91,4,3-0,3-7,4-11,368.64,2019.2,0.1,1,0.00018,1.3,0.4,16,2000,0.4
92,4,3-2,3-17,4-12,390.46,2019.76,0.11,1,0.00018,1.3,0.4,16,2000,0.95
93,4,3-0,3-17,4-13,368.64,2019.2,0.1,1,0.00018,1.3,0.4,16,2000,0.4
94,4,3-7,3-2,4-14,369.02,2019.21,0.11,1,0.00018,1.3,0.4,16,2000,0.4
95,4,3-17,3-2,4-15,1640294.95,719.26,0.16,1,0.00018,1.3,0.4,16,700,0.4
96,4,3-0,3-7,4-16,368.64,2019.2,0.1,1,0.00018,1.3,0.4,16,2000,0.4
97,4,3-2,3-2,4-17,369.02,2019.21,0.11,1,0.00018,1.3,0.4,16,2000,0.4
98,4,3-2,3-17,4-18,370.95,2019.26,0.16,1,0.00018,1.3,0.4,16,2000,0.4
99,4,3-7,3-2,4-19,368.64,2019.2,0.1,1,0.00018,1.3,0.4,16,2000,0.4
100,5,4-9,4-13,5-0,368.64,2019.2,0.1,1,0.00018,1.3,0.4,16,2000,0.4
101,5,4-11,4-16,5-1,368.64,2019.2,0.1,1,0.00018,1.3,0.4,16,2000,0.4
102,5,4-9,4-9,5-2,368.64,2019.2,0.1,1,0.00018,1.3,0.4,16,2000,0.4
103,5,4-16,4-13,5-3,368.64,2019.2,0.1,1,0.00018,1.3,0.4,16,2000,0.4
104,5,4-16,4-11,5-4,368.64,2019.2,0.1,1,0.00018,1.3,0.4,16,2000,0.4
105,5,4-16,4-9,5-5,368.64,2019.2,0.1,1,0.00018,1.3,0.4,16,2000,0.4
106,5,4-16,4-11,5-6,368.64,2019.2,0.1,1,0.00018,1.3,0.4,16,2000,0.4
107,5,4-16,4-11,5-7,368.64,2019.2,0.1,1,0.00018,1.3,0.4,16,2000,0.4
108,5,4-16,4-16,5-8,368.64,2019.2,0.1,1,0.00018,1.3,0.4,16,2000,0.4
109,5,4-13,4-13,5-9,368.64,2019.2,0.1,1,0.00018,1.3,0.4,16,2000,0.4
110,5,4-16,4-16,5-10,368.64,2019.2,0.1,1,0.00018,1.3,0.4,16,2000,0.4
111,5,4-11,4-13,5-11,370.95,2019.26,0.16,1,0.00018,1.3,0.4,16,2000,0.4
112,5,4-9,4-13,5-12,368.64,2019.2,0.1,1,0.00018,1.3,0.4,16,2000,0.4
113,5,4-13,4-9,5-13,368.64,2019.2,0.1,1,0.00018,1.3,0.4,16,2000,0.4
114,5,4-16,4-11,5-14,368.64,2019.2,0.1,1,0.00018,1.3,0.4,16,2000,0.4
115,5,4-9,4-16,5-15,368.64,2019.2,0.1,1,0.00018,1.3,0.4,16,2000,0.4
116,5,4-11,4-9,5-16,368.64,2019.2,0.1,1,0.00018,1.3,0.4,16,2000,0.4
117,5,4-13,4-13,5-17,364.81,2019.1,0.1,1,0.00018,1.2,0.4,16,2000,0.4
118,5,4-16,4-13,5-18,368.64,2019.2,0.1,1,0.00018,1.3,0.4,16,2000,0.4
119,5,4-13,4-13,5-19,368.64,2019.2,0.1,1,0.00018,1.3,0.4,16,2000,0.4
120,6,5-0,5-16,6-0,368.64,2019.2,0.1,1,0.00018,1.3,0.4,16,2000,0.4
121,6,5-15,5-0,6-1,368.64,2019.2,0.1,1,0.00018,1.3,0.4,16,2000,0.4
122,6,5-16,5-0,6-2,374.04,2019.34,0.24,1,0.00018,1.3,0.4,16,2000,0.4
123,6,5-15,5-15,6-3,609648.64,1219.2,0.1,1,0.00018,1.3,0.4,16,1200,0.4
124,6,5-15,5-17,6-4,368.64,2019.2,0.1,1,0.00018,1.3,0.4,16,2000,0.4
125,6,5-0,5-15,6-5,349.69,2018.7,0.1,1,0.00018,0.8,0.4,16,2000,0.4
126,6,5-16,5-0,6-6,368.64,2019.2,0.1,1,0.00018,1.3,0.4,16,2000,0.4
127,6,5-16,5-16,6-7,368.64,2019.2,0.1,1,0.00018,1.3,0.4,16,2000,0.4
128,6,5-16,5-0,6-8,368.64,2019.2,0.1,1,0.00018,1.3,0.4,16,2000,0.4
129,6,5-16,5-0,6-9,368.64,2019.2,0.1,1,0.00018,1.3,0.4,16,2000,0.4
130,6,5-15,5-0,6-10,368.64,2019.2,0.1,1,0.00018,1.3,0.4,16,2000,0.4
131,6,5-17,5-16,6-11,364.81,2019.1,0.1,1,0.00018,1.2,0.4,16,2000,0.4
132,6,5-16,5-15,6-12,368.64,2019.2,0.1,1,0.00018,1.3,0.4,16,2000,0.4
133,6,5-17,5-16,6-13,368.64,2019.2,0.1,1,0.00018,1.3,0.4,16,2000,0.4
134,6,5-17,5-15,6-14,364.81,2019.1,0.1,1,0.00018,1.2,0.4,16,2000,0.4
135,6,5-15,5-17,6-15,368.64,2019.2,0.1,1,0.00018,1.3,0.4,16,2000,0.4
136,6,5-15,5-16,6-16,368.64,2019.2,0.1,1,0.00018,1.3,0.4,16,2000,0.4
137,6,5-0,5-16,6-17,368.64,2019.2,0.1,1,0.00018,1.3,0.4,16,2000,0.4
138,6,5-0,5-15,6-18,368.64,2019.2,0.1,1,0.00018,1.3,0.4,16,2000,0.4
139,6,5-15,5-17,6-19,368.64,2019.2,0.1,1,0.00018,1.3,0.4,16,2000,0.4
140,7,6-0,6-0,7-0,368.64,2019.2,0.1,1,0.00018,1.3,0.4,16,2000,0.4
141,7,6-11,6-11,7-1,364.81,2019.1,0.1,1,0.00018,1.2,0.4,16,2000,0.4
142,7,6-11,6-5,7-2,349.69,2018.7,0.1,1,0.00018,0.8,0.4,16,2000,0.4
143,7,6-5,6-5,7-3,349.69,2018.7,0.1,1,0.00018,0.8,0.4,16,2000,0.4
144,7,6-11,6-11,7-4,364.81,2019.1,0.1,1,0.00018,1.2,0.4,16,2000,0.4
145,7,6-5,6-0,7-5,78848.64,1719.2,0.1,1,0.00018,1.3,0.4,16,1700,0.4
146,7,6-0,6-11,7-6,364.81,2019.1,0.1,1,0.00018,1.2,0.4,16,2000,0.4
147,7,6-0,6-14,7-7,370.56,2019.25,0.25,1,0.00018,1.2,0.4,16,2000,0.4
148,7,6-5,6-11,7-8,349.69,2018.7,0.1,1,0.00018,0.8,0.4,16,2000,0.4
149,7,6-5,6-11,7-9,32.49,2005.7,0.1,1,0.00018,0.8,0.4,3,2000,0.4
150,7,6-11,6-11,7-10,364.81,2019.1,0.1,1,0.00018,1.2,0.4,16,2000,0.4
151,7,6-5,6-5,7-11,361.0,2019.0,0.1,1,0.00018,0.8,0.7,16,2000,0.4
152,7,6-5,6-5,7-12,349.69,2018.7,0.1,1,0.00018,0.8,0.4,16,2000,0.4
153,7,6-0,6-0,7-13,357.21,2018.9,0.1,1,0.00018,1.0,0.4,16,2000,0.4
154,7,6-5,6-5,7-14,349.69,2018.7,0.1,1,0.00018,0.8,0.4,16,2000,0.4
155,7,6-14,6-0,7-15,368.64,2019.2,0.1,1,0.00018,1.3,0.4,16,2000,0.4
156,7,6-5,6-14,7-16,349.69,2018.7,0.1,1,0.00018,0.8,0.4,16,2000,0.4
157,7,6-14,6-5,7-17,349.69,2018.7,0.1,1,0.00018,0.8,0.4,16,2000,0.4
158,7,6-5,6-5,7-18,349.69,2018.7,0.1,1,0.00018,0.8,0.4,16,2000,0.4
159,7,6-0,6-0,7-19,368.64,2019.2,0.1,1,0.00018,1.3,0.4,16,2000,0.4
160,8,7-9,7-9,8-0,32.49,2005.7,0.1,1,0.00018,0.8,0.4,3,2000,0.4
161,8,7-3,7-3,8-1,349.69,2018.7,0.1,1,0.00018,0.8,0.4,16,2000,0.4
162,8,7-17,7-2,8-2,349.69,2018.7,0.1,1,0.00018,0.8,0.4,16,2000,0.4
163,8,7-17,7-3,8-3,349.69,2018.7,0.1,1,0.00018,0.8,0.4,16,2000,0.4
164,8,7-9,7-9,8-4,428.49,2020.7,0.1,1,0.00018,0.8,0.4,18,2000,0.4
165,8,7-17,7-17,8-5,349.69,2018.7,0.1,1,0.00018,0.8,0.4,16,2000,0.4
166,8,7-9,7-3,8-6,349.69,2018.7,0.1,1,0.00018,0.8,0.4,16,2000,0.4
167,8,7-9,7-17,8-7,349.69,2018.7,0.1,1,0.00018,0.8,0.4,16,2000,0.4
168,8,7-3,7-3,8-8,349.69,2018.7,0.1,1,0.00018,0.8,0.4,16,2000,0.4
169,8,7-9,7-3,8-9,32.49,2005.7,0.1,1,0.00018,0.8,0.4,3,2000,0.4
170,8,7-17,7-9,8-10,776689.69,1118.7,0.1,1,0.00018,0.8,0.4,16,1100,0.4
171,8,7-2,7-3,8-11,349.69,2018.7,0.1,1,0.00018,0.8,0.4,16,2000,0.4
172,8,7-2,7-2,8-12,349.69,2018.7,0.1,1,0.00018,0.8,0.4,16,2000,0.4
173,8,7-2,7-9,8-13,32.49,2005.7,0.1,1,0.00018,0.8,0.4,3,2000,0.4
174,8,7-17,7-9,8-14,349.69,2018.7,0.1,1,0.00018,0.8,0.4,16,2000,0.4
175,8,7-2,7-17,8-15,349.69,2018.7,0.1,1,0.00018,0.8,0.4,16,2000,0.4
176,8,7-3,7-3,8-16,349.69,2018.7,0.1,1,0.00018,0.8,0.4,16,2000,0.4
177,8,7-2,7-9,8-17,349.69,2018.7,0.1,1,0.00018,0.8,0.4,16,2000,0.4
178,8,7-3,7-2,8-18,349.69,2018.7,0.1,1,0.00018,0.8,0.4,16,2000,0.4
179,8,7-2,7-17,8-19,349.69,2018.7,0.1,1,0.00018,0.8,0.4,16,2000,0.4
180,9,8-13,8-0,9-0,32.49,2005.7,0.1,1,0.00018,0.8,0.4,3,2000,0.4
181,9,8-3,8-3,9-1,349.69,2018.7,0.1,1,0.00018,0.8,0.4,16,2000,0.4
182,9,8-3,8-0,9-2,32.49,2005.7,0.1,1,0.00018,0.8,0.4,3,2000,0.4
183,9,8-13,8-9,9-3,32.49,2005.7,0.1,1,0.00018,0.8,0.4,3,2000,0.4
184,9,8-13,8-13,9-4,32.49,2005.7,0.1,1,0.00018,0.8,0.4,3,2000,0.4
185,9,8-13,8-0,9-5,246.49,2015.7,0.1,11,0.00018,0.8,0.4,3,2000,0.4
186,9,8-3,8-3,9-6,349.69,2018.7,0.1,1,0.00018,0.8,0.4,16,2000,0.4
187,9,8-3,8-3,9-7,44.89,2006.7,0.1,1,0.00018,0.8,0.4,4,2000,0.4
188,9,8-9,8-3,9-8,32.49,2005.7,0.1,1,0.00018,0.8,0.4,3,2000,0.4
189,9,8-0,8-3,9-9,32.49,2005.7,0.1,1,0.00018,0.8,0.4,3,2000,0.4
190,9,8-0,8-0,9-10,388.09,2019.7,0.1,1,0.00018,0.8,0.4,17,2000,0.4
191,9,8-3,8-0,9-11,349.69,2018.7,0.1,1,0.00018,0.8,0.4,16,2000,0.4
192,9,8-13,8-3,9-12,349.69,2018.7,0.1,1,0.00018,0.8,0.4,16,2000,0.4
193,9,8-0,8-0,9-13,32.49,2005.7,0.1,1,0.00018,0.8,0.4,3,2000,0.4
194,9,8-0,8-9,9-14,32.49,2005.7,0.1,1,0.00018,0.8,0.4,3,2000,0.4
195,9,8-9,8-13,9-15,32.49,2005.7,0.1,1,0.00018,0.8,0.4,3,2000,0.4
196,9,8-0,8-0,9-16,33.64,2005.8,0.1,1,0.00018,0.8,0.5,3,2000,0.4
197,9,8-9,8-13,9-17,37752.49,1805.7,0.1,1,0.00018,0.8,0.4,3,1800,0.4
198,9,8-0,8-9,9-18,32.49,2005.7,0.1,1,0.00018,0.8,0.4,3,2000,0.4
199,9,8-13,8-3,9-19,349.69,2018.7,0.1,1,0.00018,0.8,0.4,16,2000,0.4
